    555.56      632546.50
    554.02      601808.38
    552.49      574985.60
    550.96      551778.49
    549.45      531901.98
    547.95      515082.00
    546.45      501048.88
    544.96      489529.12
    543.48      480237.11
    542.01      472869.47
    540.54      467105.04
    539.08      462613.89
    537.63      459077.18
    536.19      456216.60
    534.76      453828.04
    533.33      451810.13
    531.91      450178.41
    530.50      449059.64
    529.10      448667.41
    527.70      449266.45
    526.32      451134.48
    524.93      454528.69
    523.56      459659.68
    522.19      466671.63
    520.83      475625.51
    519.48      486482.07
    518.13      499082.87
    516.80      513130.36
    515.46      528171.70
    514.14      543594.82
    512.82      558647.66
    511.51      572491.13
    510.20      584289.29
    508.91      593327.74
    507.61      599135.83
    506.33      601578.62
    505.05      600889.23
    503.78      597630.57
    502.51      592600.25
    501.25      586709.50
    500.00      580868.76
    498.75      575902.07
    497.51      572497.14
    496.28      571185.99
    495.05      572345.47
    493.83      576206.30
    492.61      582862.37
    491.40      592275.66
    490.20      604276.38
    489.00      618561.74
    487.80      634700.22
    486.62      652150.83
    485.44      670306.09
    484.26      688562.87
    483.09      706414.82
    481.93      723547.79
    480.77      739910.86
    479.62      755737.51
    478.47      771505.46
    477.33      787843.34
    476.19      805406.89
    475.06      824751.57
    473.93      846221.93
    472.81      869869.32
    471.70      895403.54
    470.59      922183.25
    469.48      949252.15
    468.38      975427.10
    467.29      999437.70
    466.20     1020102.48
    465.12     1036510.39
    464.04     1048166.48
    462.96     1055064.41
    461.89     1057665.24
    460.83     1056786.58
    459.77     1053427.71
    458.72     1048570.06
    457.67     1042994.45
    456.62     1037149.51
    455.58     1031093.40
    454.55     1024517.35
    453.51     1016845.11
    452.49     1007387.20
    451.47      995514.14
    450.45      980805.12
    449.44      963134.60
    448.43      942682.16
    447.43      919878.58
    446.43      895320.59
    445.43      869686.82
    444.44      843673.96
    443.46      817955.27
    442.48      793154.75
    441.50      769830.22
    440.53      748462.79
    439.56      729452.65
    438.60      713121.17
    437.64      699717.39
    436.68      689426.28
    435.73      682376.35
    434.78      678645.29
    433.84      678262.74
    432.90      681210.34
    431.97      687419.13
    431.03      696765.72
    430.11      709069.54
    429.18      724095.19
    428.27      741565.00
    427.35      761186.53
    426.44      782697.03
    425.53      805920.57
    424.63      830826.00
    423.73      857568.37
    422.83      886497.68
    421.94      918127.10
    421.05      953064.46
    420.17      991919.50
    419.29     1035200.77
    418.41     1083211.98
    417.54     1135951.92
    416.67     1193019.33
    415.80     1253527.13
    414.94     1316037.26
    414.08     1378537.37
    413.22     1438487.24
    412.37     1492960.51
    411.52     1538890.45
    410.68     1573396.92
    409.84     1594138.06
    409.00     1599610.98
    408.16     1589335.75
    407.33     1563890.55
    406.50     1524803.60
    405.68     1474334.03
    404.86     1415184.69
    404.04     1350194.12
    403.23     1282053.55
    402.41     1213087.20
    401.61     1145117.93
    400.80     1079420.75
    400.00     1016751.58
    399.20      957430.92
    398.41      901459.94
    397.61      848647.72
    396.83      798729.05
    396.04      751455.42
    395.26      706648.30
    394.48      664213.47
    393.70      624125.53
    392.93      586396.96
    392.16      551045.85
    391.39      518071.31
    390.62      487439.94
    389.86      459082.07
    389.11      432894.99
    388.35      408749.93
    387.60      386500.51
    386.85      365991.35
    386.10      347065.87
    385.36      329572.97
    384.62      313372.09
    383.88      298336.23
    383.14      284353.05
    382.41      271324.20
    381.68      259163.74
    380.95      247796.38
    380.23      237155.91
    379.51      227184.11
    378.79      217829.83
    378.07      209047.99
    377.36      200798.62
    376.65      193045.67
    375.94      185756.07
    375.23      178898.98
    374.53      172445.30
    373.83      166367.44
    373.13      160639.28
    372.44      155236.14
    371.75      150134.89
    371.06      145313.96
    370.37      140753.32
    369.69      136434.49
    369.00      132340.42
    368.32      128455.45
    367.65      124765.20
    366.97      121256.44
    366.30      117917.03
    365.63      114735.79
    364.96      111702.46
    364.30      108807.58
    363.64      106042.44
    362.98      103399.01
    362.32      100869.88
    361.66       98448.20
    361.01       96127.64
    360.36       93902.35
    359.71       91766.90
    359.07       89716.24
    358.42       87745.70
    357.78       85850.94
    357.14       84027.89
