    555.56        1174.66
    554.02        1566.51
    552.49        1976.09
    550.96        2405.22
    549.45        2854.49
    547.95        3322.72
    546.45        3806.24
    544.96        4298.11
    543.48        4787.39
    542.01        5258.71
    540.54        5692.33
    539.08        6065.08
    537.63        6352.40
    536.19        6531.27
    534.76        6583.65
    533.33        6499.44
    531.91        6278.12
    530.50        5928.48
    529.10        5466.60
    527.70        4912.79
    526.32        4288.38
    524.93        3613.29
    523.56        2904.47
    522.19        2175.59
    520.83        1437.43
    519.48         698.86
    518.13         -31.82
    516.80        -745.62
    515.46       -1431.67
    514.14       -2076.47
    512.82       -2663.79
    511.51       -3175.49
    510.20       -3593.30
    508.91       -3901.28
    507.61       -4088.59
    506.33       -4151.54
    505.05       -4094.37
    503.78       -3928.52
    502.51       -3670.49
    501.25       -3339.15
    500.00       -2953.24
    498.75       -2529.47
    497.51       -2081.55
    496.28       -1619.99
    495.05       -1152.48
    493.83        -684.64
    492.61        -220.90
    491.40         234.52
    490.20         676.75
    489.00        1099.47
    487.80        1494.49
    486.62        1851.66
    485.44        2159.36
    484.26        2405.68
    483.09        2579.97
    481.93        2674.67
    480.77        2686.78
    479.62        2618.42
    478.47        2476.57
    477.33        2271.77
    476.19        2016.56
    475.06        1723.92
    473.93        1406.18
    472.81        1074.54
    471.70         739.14
    470.59         409.45
    469.48          94.80
    468.38        -195.09
    467.29        -450.02
    466.20        -659.62
    465.12        -814.18
    464.04        -905.94
    462.96        -930.46
    461.89        -887.66
    460.83        -782.23
    459.77        -623.06
    458.72        -422.12
    457.67        -193.00
    456.62          50.43
    455.58         295.01
    454.55         529.05
    453.51         742.79
    452.49         928.86
    451.47        1082.67
    450.45        1202.58
    449.44        1289.82
    448.43        1347.95
    447.43        1382.09
    446.43        1397.92
    445.43        1400.88
    444.44        1395.45
    443.46        1384.87
    442.48        1371.16
    441.50        1355.33
    440.53        1337.82
    439.56        1318.84
    438.60        1298.77
    437.64        1278.28
    436.68        1258.35
    435.73        1240.24
    434.78        1225.32
    433.84        1214.96
    432.90        1210.51
    431.97        1213.21
    431.03        1224.17
    430.11        1244.33
    429.18        1274.47
    428.27        1315.17
    427.35        1366.86
    426.44        1429.84
    425.53        1504.38
    424.63        1590.69
    423.73        1688.88
    422.83        1798.75
    421.94        1919.43
    421.05        2048.94
    420.17        2183.59
    419.29        2317.42
    418.41        2441.69
    417.54        2544.63
    416.67        2611.49
    415.80        2625.20
    414.94        2567.76
    414.08        2422.47
    413.22        2176.87
    412.37        1826.10
    411.52        1375.88
    410.68         843.98
    409.84         259.55
    409.00        -340.26
    408.16        -915.63
    407.33       -1430.20
    406.50       -1856.30
    405.68       -2178.03
    404.86       -2391.84
    404.04       -2504.60
    403.23       -2530.44
    402.41       -2487.10
    401.61       -2392.86
    400.80       -2264.40
    400.00       -2115.62
    399.20       -1957.33
    398.41       -1797.42
    397.61       -1641.28
    396.83       -1492.36
    396.04       -1352.67
    395.26       -1223.19
    394.48       -1104.20
    393.70        -995.53
    392.93        -896.71
    392.16        -807.12
    391.39        -726.04
    390.62        -652.72
    389.86        -586.46
    389.11        -526.58
    388.35        -472.52
    387.60        -423.78
    386.85        -379.92
    386.10        -340.61
    385.36        -305.52
    384.62        -274.34
    383.88        -246.77
    383.14        -222.49
    382.41        -201.20
    381.68        -182.57
    380.95        -166.30
    380.23        -152.11
    379.51        -139.74
    378.79        -128.93
    378.07        -119.47
    377.36        -111.13
    376.65        -103.74
    375.94         -97.14
    375.23         -91.19
    374.53         -85.78
    373.83         -80.82
    373.13         -76.25
    372.44         -72.01
    371.75         -68.06
    371.06         -64.36
    370.37         -60.90
    369.69         -57.64
    369.00         -54.58
    368.32         -51.69
    367.65         -48.97
    366.97         -46.41
    366.30         -43.98
    365.63         -41.69
    364.96         -39.52
    364.30         -37.48
    363.64         -35.54
    362.98         -33.70
    362.32         -31.97
    361.66         -30.33
    361.01         -28.77
    360.36         -27.30
    359.71         -25.90
    359.07         -24.58
    358.42         -23.32
    357.78         -22.13
    357.14         -21.01
