    1     3 0 0. 0
    1     3 0 0. 1
    2     4 0 0. 1
   65    67 0 0. 0
   65    67 0 0. 1
   66    68 0 0. 1
  129   131 0 0. 0
  129   131 0 0. 1
  130   132 0 0. 1
  193   195 0 0. 0
  193   195 0 0. 1
  194   196 0 0. 1
  257   259 0 0. 0
  257   259 0 0. 1
  258   260 0 0. 1
  321   323 0 0. 0
  321   323 0 0. 1
  322   324 0 0. 1
  385   387 0 0. 0
  385   387 0 0. 1
  386   388 0 0. 1
  449   451 0 0. 0
  449   451 0 0. 1
  450   452 0 0. 1
  513   515 0 0. 0
  513   515 0 0. 1
  514   516 0 0. 1
  577   579 0 0. 0
  577   579 0 0. 1
  578   580 0 0. 1
  641   643 0 0. 0
  641   643 0 0. 1
  642   644 0 0. 1
  705   707 0 0. 0
  705   707 0 0. 1
  706   708 0 0. 1
  769   771 0 0. 0
  769   771 0 0. 1
  770   772 0 0. 1
  833   835 0 0. 0
  833   835 0 0. 1
  834   836 0 0. 1
  897   899 0 0. 0
  897   899 0 0. 1
  898   900 0 0. 1
  961   963 0 0. 0
  961   963 0 0. 1
  962   964 0 0. 1
 1025  1027 0 0. 0
 1025  1027 0 0. 1
 1026  1028 0 0. 1
 1089  1091 0 0. 0
 1089  1091 0 0. 1
 1090  1092 0 0. 1
 1153  1155 0 0. 0
 1153  1155 0 0. 1
 1154  1156 0 0. 1
 1217  1219 0 0. 0
 1217  1219 0 0. 1
 1218  1220 0 0. 1
 1281  1283 0 0. 0
 1281  1283 0 0. 1
 1282  1284 0 0. 1
 1345  1347 0 0. 0
 1345  1347 0 0. 1
 1346  1348 0 0. 1
 1409  1411 0 0. 0
 1409  1411 0 0. 1
 1410  1412 0 0. 1
 1473  1475 0 0. 0
 1473  1475 0 0. 1
 1474  1476 0 0. 1
 1537  1539 0 0. 0
 1537  1539 0 0. 1
 1538  1540 0 0. 1
 1601  1603 0 0. 0
 1601  1603 0 0. 1
 1602  1604 0 0. 1
 1665  1667 0 0. 0
 1665  1667 0 0. 1
 1666  1668 0 0. 1
 1729  1731 0 0. 0
 1729  1731 0 0. 1
 1730  1732 0 0. 1
 1793  1795 0 0. 0
 1793  1795 0 0. 1
 1794  1796 0 0. 1
 1857  1859 0 0. 0
 1857  1859 0 0. 1
 1858  1860 0 0. 1
 1921  1923 0 0. 0
 1921  1923 0 0. 1
 1922  1924 0 0. 1
 1985  1987 0 0. 0
 1985  1987 0 0. 1
 1986  1988 0 0. 1
 2049  2051 0 0. 0
 2049  2051 0 0. 1
 2050  2052 0 0. 1
 2113  2115 0 0. 0
 2113  2115 0 0. 1
 2114  2116 0 0. 1
 2177  2179 0 0. 0
 2177  2179 0 0. 1
 2178  2180 0 0. 1
 2241  2243 0 0. 0
 2241  2243 0 0. 1
 2242  2244 0 0. 1
 2305  2307 0 0. 0
 2305  2307 0 0. 1
 2306  2308 0 0. 1
 2369  2371 0 0. 0
 2369  2371 0 0. 1
 2370  2372 0 0. 1
 2433  2435 0 0. 0
 2433  2435 0 0. 1
 2434  2436 0 0. 1
 2497  2499 0 0. 0
 2497  2499 0 0. 1
 2498  2500 0 0. 1
 2561  2563 0 0. 0
 2561  2563 0 0. 1
 2562  2564 0 0. 1
 2625  2627 0 0. 0
 2625  2627 0 0. 1
 2626  2628 0 0. 1
 2689  2691 0 0. 0
 2689  2691 0 0. 1
 2690  2692 0 0. 1
 2753  2755 0 0. 0
 2753  2755 0 0. 1
 2754  2756 0 0. 1
 2817  2819 0 0. 0
 2817  2819 0 0. 1
 2818  2820 0 0. 1
 2881  2883 0 0. 0
 2881  2883 0 0. 1
 2882  2884 0 0. 1
 2945  2947 0 0. 0
 2945  2947 0 0. 1
 2946  2948 0 0. 1
 3009  3011 0 0. 0
 3009  3011 0 0. 1
 3010  3012 0 0. 1
 3073  3075 0 0. 0
 3073  3075 0 0. 1
 3074  3076 0 0. 1
 3137  3139 0 0. 0
 3137  3139 0 0. 1
 3138  3140 0 0. 1
 3201  3203 0 0. 0
 3201  3203 0 0. 1
 3202  3204 0 0. 1
 3265  3267 0 0. 0
 3265  3267 0 0. 1
 3266  3268 0 0. 1
 3329  3331 0 0. 0
 3329  3331 0 0. 1
 3330  3332 0 0. 1
 3393  3395 0 0. 0
 3393  3395 0 0. 1
 3394  3396 0 0. 1
 3457  3459 0 0. 0
 3457  3459 0 0. 1
 3458  3460 0 0. 1
 3521  3523 0 0. 0
 3521  3523 0 0. 1
 3522  3524 0 0. 1
 3585  3587 0 0. 0
 3585  3587 0 0. 1
 3586  3588 0 0. 1
 3649  3651 0 0. 0
 3649  3651 0 0. 1
 3650  3652 0 0. 1
 3713  3715 0 0. 0
 3713  3715 0 0. 1
 3714  3716 0 0. 1
 3777  3779 0 0. 0
 3777  3779 0 0. 1
 3778  3780 0 0. 1
 3841  3843 0 0. 0
 3841  3843 0 0. 1
 3842  3844 0 0. 1
 3905  3907 0 0. 0
 3905  3907 0 0. 1
 3906  3908 0 0. 1
 3969  3971 0 0. 0
 3969  3971 0 0. 1
 3970  3972 0 0. 1
 4033  4035 0 0. 0
 4033  4035 0 0. 1
 4034  4036 0 0. 1
 4097  4099 0 0. 0
 4097  4099 0 0. 1
 4098  4100 0 0. 1
 4161  4163 0 0. 0
 4161  4163 0 0. 1
 4162  4164 0 0. 1
 4225  4227 0 0. 0
 4225  4227 0 0. 1
 4226  4228 0 0. 1
 4289  4291 0 0. 0
 4289  4291 0 0. 1
 4290  4292 0 0. 1
 4353  4355 0 0. 0
 4353  4355 0 0. 1
 4354  4356 0 0. 1
 4417  4419 0 0. 0
 4417  4419 0 0. 1
 4418  4420 0 0. 1
 4481  4483 0 0. 0
 4481  4483 0 0. 1
 4482  4484 0 0. 1
 4545  4547 0 0. 0
 4545  4547 0 0. 1
 4546  4548 0 0. 1
 4609  4611 0 0. 0
 4609  4611 0 0. 1
 4610  4612 0 0. 1
 4673  4675 0 0. 0
 4673  4675 0 0. 1
 4674  4676 0 0. 1
 4737  4739 0 0. 0
 4737  4739 0 0. 1
 4738  4740 0 0. 1
 4801  4803 0 0. 0
 4801  4803 0 0. 1
 4802  4804 0 0. 1
 4865  4867 0 0. 0
 4865  4867 0 0. 1
 4866  4868 0 0. 1
 4929  4931 0 0. 0
 4929  4931 0 0. 1
 4930  4932 0 0. 1
 4993  4995 0 0. 0
 4993  4995 0 0. 1
 4994  4996 0 0. 1
 5057  5059 0 0. 0
 5057  5059 0 0. 1
 5058  5060 0 0. 1
 5121  5123 0 0. 0
 5121  5123 0 0. 1
 5122  5124 0 0. 1
 5185  5187 0 0. 0
 5185  5187 0 0. 1
 5186  5188 0 0. 1
 5249  5251 0 0. 0
 5249  5251 0 0. 1
 5250  5252 0 0. 1
 5313  5315 0 0. 0
 5313  5315 0 0. 1
 5314  5316 0 0. 1
 5377  5379 0 0. 0
 5377  5379 0 0. 1
 5378  5380 0 0. 1
 5441  5443 0 0. 0
 5441  5443 0 0. 1
 5442  5444 0 0. 1
 5505  5507 0 0. 0
 5505  5507 0 0. 1
 5506  5508 0 0. 1
 5569  5571 0 0. 0
 5569  5571 0 0. 1
 5570  5572 0 0. 1
 5633  5635 0 0. 0
 5633  5635 0 0. 1
 5634  5636 0 0. 1
 5697  5699 0 0. 0
 5697  5699 0 0. 1
 5698  5700 0 0. 1
 5761  5763 0 0. 0
 5761  5763 0 0. 1
 5762  5764 0 0. 1
 5825  5827 0 0. 0
 5825  5827 0 0. 1
 5826  5828 0 0. 1
 5889  5891 0 0. 0
 5889  5891 0 0. 1
 5890  5892 0 0. 1
 5953  5955 0 0. 0
 5953  5955 0 0. 1
 5954  5956 0 0. 1
 6017  6019 0 0. 0
 6017  6019 0 0. 1
 6018  6020 0 0. 1
 6081  6083 0 0. 0
 6081  6083 0 0. 1
 6082  6084 0 0. 1
 6145  6147 0 0. 0
 6145  6147 0 0. 1
 6146  6148 0 0. 1
 6209  6211 0 0. 0
 6209  6211 0 0. 1
 6210  6212 0 0. 1
 6273  6275 0 0. 0
 6273  6275 0 0. 1
 6274  6276 0 0. 1
 6337  6339 0 0. 0
 6337  6339 0 0. 1
 6338  6340 0 0. 1
 6401  6403 0 0. 0
 6401  6403 0 0. 1
 6402  6404 0 0. 1
 6465  6467 0 0. 0
 6465  6467 0 0. 1
 6466  6468 0 0. 1
 6529  6531 0 0. 0
 6529  6531 0 0. 1
 6530  6532 0 0. 1
 6593  6595 0 0. 0
 6593  6595 0 0. 1
 6594  6596 0 0. 1
 6657  6659 0 0. 0
 6657  6659 0 0. 1
 6658  6660 0 0. 1
 6721  6723 0 0. 0
 6721  6723 0 0. 1
 6722  6724 0 0. 1
 6785  6787 0 0. 0
 6785  6787 0 0. 1
 6786  6788 0 0. 1
 6849  6851 0 0. 0
 6849  6851 0 0. 1
 6850  6852 0 0. 1
 6913  6915 0 0. 0
 6913  6915 0 0. 1
 6914  6916 0 0. 1
 6977  6979 0 0. 0
 6977  6979 0 0. 1
 6978  6980 0 0. 1
 7041  7043 0 0. 0
 7041  7043 0 0. 1
 7042  7044 0 0. 1
 7105  7107 0 0. 0
 7105  7107 0 0. 1
 7106  7108 0 0. 1
 7169  7171 0 0. 0
 7169  7171 0 0. 1
 7170  7172 0 0. 1
 7233  7235 0 0. 0
 7233  7235 0 0. 1
 7234  7236 0 0. 1
 7297  7299 0 0. 0
 7297  7299 0 0. 1
 7298  7300 0 0. 1
 7361  7363 0 0. 0
 7361  7363 0 0. 1
 7362  7364 0 0. 1
 7425  7427 0 0. 0
 7425  7427 0 0. 1
 7426  7428 0 0. 1
 7489  7491 0 0. 0
 7489  7491 0 0. 1
 7490  7492 0 0. 1
 7553  7555 0 0. 0
 7553  7555 0 0. 1
 7554  7556 0 0. 1
 7617  7619 0 0. 0
 7617  7619 0 0. 1
 7618  7620 0 0. 1
 7681  7683 0 0. 0
 7681  7683 0 0. 1
 7682  7684 0 0. 1
 7745  7747 0 0. 0
 7745  7747 0 0. 1
 7746  7748 0 0. 1
 7809  7811 0 0. 0
 7809  7811 0 0. 1
 7810  7812 0 0. 1
 7873  7875 0 0. 0
 7873  7875 0 0. 1
 7874  7876 0 0. 1
 7937  7939 0 0. 0
 7937  7939 0 0. 1
 7938  7940 0 0. 1
 8001  8003 0 0. 0
 8001  8003 0 0. 1
 8002  8004 0 0. 1
 8065  8067 0 0. 0
 8065  8067 0 0. 1
 8066  8068 0 0. 1
 8129  8131 0 0. 0
 8129  8131 0 0. 1
 8130  8132 0 0. 1
 8193  8195 0 0. 0
 8193  8195 0 0. 1
 8194  8196 0 0. 1
 8257  8259 0 0. 0
 8257  8259 0 0. 1
 8258  8260 0 0. 1
