    625.00          -1.97
    621.12          -2.12
    617.28          -2.27
    613.50          -2.44
    609.76          -2.63
    606.06          -2.83
    602.41          -3.05
    598.80          -3.29
    595.24          -3.56
    591.72          -3.85
    588.24          -4.18
    584.80          -4.53
    581.40          -4.92
    578.03          -5.36
    574.71          -5.84
    571.43          -6.37
    568.18          -6.97
    564.97          -7.64
    561.80          -8.38
    558.66          -9.22
    555.56         -10.16
    552.49         -11.22
    549.45         -12.42
    546.45         -13.78
    543.48         -15.34
    540.54         -17.11
    537.63         -19.14
    534.76         -21.49
    531.91         -24.20
    529.10         -27.34
    526.32         -31.01
    523.56         -35.32
    520.83         -40.39
    518.13         -46.41
    515.46         -53.58
    512.82         -62.20
    510.20         -72.62
    507.61         -85.33
    505.05        -100.94
    502.51        -120.31
    500.00        -144.57
    497.51        -175.27
    495.05        -214.59
    492.61        -265.58
    490.20        -332.57
    487.80        -421.82
    485.44        -542.43
    483.09        -707.57
    480.77        -935.95
    478.47       -1252.48
    476.19       -1684.57
    473.93       -2243.65
    471.70       -2871.97
    469.48       -3353.08
    467.29       -3317.03
    465.12       -2563.29
    462.96       -1340.93
    460.83           1.46
    458.72        1358.59
    456.62        2756.42
    454.55        4137.20
    452.49        5220.64
    450.45        5598.75
    448.43        5144.60
    446.43        4170.90
    444.44        3057.46
    442.48        1984.50
    440.53        1000.50
    438.60         132.17
    436.68        -593.43
    434.78       -1096.31
    432.90       -1205.12
    431.03        -845.01
    429.18        -264.75
    427.35         183.92
    425.53         397.50
    423.73         467.42
    421.94         481.74
    420.17         458.70
    418.41         371.70
    416.67         206.14
    414.94         -12.95
    413.22        -254.80
    411.52        -510.44
    409.84        -773.15
    408.16       -1003.22
    406.50       -1124.01
    404.86       -1087.10
    403.23        -933.33
    401.61        -745.21
    400.00        -576.37
    398.41        -442.94
    396.83        -342.63
    395.26        -268.23
    393.70        -212.89
    392.16        -171.30
    390.62        -139.62
    389.11        -115.15
    387.60         -95.99
    386.10         -80.80
    384.62         -68.61
    383.14         -58.72
    381.68         -50.61
    380.23         -43.91
    378.79         -38.32
    377.36         -33.62
    375.94         -29.64
    374.53         -26.26
    373.13         -23.36
    371.75         -20.86
    370.37         -18.69
    369.00         -16.81
    367.65         -15.16
    366.30         -13.72
    364.96         -12.44
    363.64         -11.32
    362.32         -10.32
    361.01          -9.43
    359.71          -8.64
    358.42          -7.93
    357.14          -7.29
    355.87          -6.72
    354.61          -6.20
    353.36          -5.73
    352.11          -5.30
    350.88          -4.92
    349.65          -4.57
    348.43          -4.25
    347.22          -3.96
    346.02          -3.69
    344.83          -3.44
    343.64          -3.22
    342.47          -3.01
    341.30          -2.82
    340.14          -2.65
    338.98          -2.48
    337.84          -2.33
    336.70          -2.19
    335.57          -2.07
    334.45          -1.95
    333.33          -1.84
