    625.00       53226.13
    621.12       55408.63
    617.28       57711.55
    613.50       60143.85
    609.76       62715.37
    606.06       65436.90
    602.41       68320.30
    598.80       71378.65
    595.24       74626.38
    591.72       78079.43
    588.24       81755.51
    584.80       85674.26
    581.40       89857.57
    578.03       94329.88
    574.71       99118.52
    571.43      104254.17
    568.18      109771.37
    564.97      115709.07
    561.80      122111.39
    558.66      129028.42
    555.56      136517.25
    552.49      144643.18
    549.45      153481.16
    546.45      163117.57
    543.48      173652.41
    540.54      185201.90
    537.63      197901.81
    534.76      211911.49
    531.91      227418.99
    529.10      244647.45
    526.32      263863.29
    523.56      285386.54
    520.83      309604.35
    518.13      336988.43
    515.46      368118.00
    512.82      403710.30
    510.20      444661.39
    507.61      492101.61
    505.05      547471.51
    502.51      612627.48
    500.00      689990.20
    497.51      782756.31
    495.05      895203.85
    492.61     1033138.52
    490.20     1204552.12
    487.80     1420599.21
    485.44     1697040.43
    483.09     2056326.20
    480.77     2530403.05
    478.47     3163774.57
    476.19     4014307.25
    473.93     5143137.58
    471.70     6571111.22
    469.48     8167196.54
    467.29     9502441.56
    465.12     9951886.65
    462.96     9264405.51
    460.83     7866041.25
    458.72     6359699.45
    456.62     5075898.41
    454.55     4088418.07
    452.49     3361299.09
    450.45     2836003.37
    448.43     2462791.37
    446.43     2206506.47
    444.44     2042361.20
    442.48     1950010.16
    440.53     1910960.74
    438.60     1912298.30
    436.68     1948134.10
    434.78     2004018.88
    432.90     2042915.35
    431.03     2031561.83
    429.18     1983355.70
    427.35     1945704.88
    425.53     1958183.99
    423.73     2041891.75
    421.94     2210317.14
    420.17     2479809.60
    418.41     2875811.43
    416.67     3436916.22
    414.94     4216753.62
    413.22     5277483.38
    411.52     6654725.25
    409.84     8257779.27
    408.16     9711603.23
    406.50     **********
    404.86     9846880.32
    403.23     8450752.69
    401.61     6827236.55
    400.00     5387815.59
    398.41     4249935.24
    396.83     3388750.80
    395.26     2743283.16
    393.70     2256634.67
    392.16     1885062.44
    390.62     1597048.28
    389.11     1370327.53
    387.60     1189181.61
    386.10     1042422.51
    384.62      921990.07
    383.14      821997.82
    381.68      738086.19
    380.23      666981.89
    378.79      606194.74
    377.36      553806.65
    375.94      508322.91
    374.53      468565.94
    373.13      433598.57
    371.75      402667.83
    370.37      375163.45
    369.00      350586.65
    367.65      328526.69
    366.30      308642.84
    364.96      290650.61
    363.64      274310.89
    362.32      259421.57
    361.01      245810.86
    359.71      233331.94
    358.42      221858.76
    357.14      211282.56
    355.87      201509.10
    354.61      192456.40
    353.36      184052.82
    352.11      176235.57
    350.88      168949.38
    349.65      162145.46
    348.43      155780.60
    347.22      149816.42
    346.02      144218.69
    344.83      138956.86
    343.64      134003.55
    342.47      129334.16
    341.30      124926.56
    340.14      120760.76
    338.98      116818.70
    337.84      113084.01
    336.70      109541.79
    335.57      106178.53
    334.45      102981.88
    333.33       99940.57
