  1.65492     1.70450     1.75630     1.81046     1.86714     1.92648     1.98866     2.05386     2.12227     2.19412
  2.26963     2.34906     2.43268     2.52079     2.61373     2.71183     2.81551     2.92517     3.04130     3.16442
  3.29507     3.43391     3.58162     3.73897     3.90681     4.08610     4.27790     4.48340     4.70392     4.94096
  5.19621     5.47157     5.76921     6.09157     6.44146     6.82210     7.23717     7.69093     8.18831     8.73506
  9.33787    10.00463    10.74464    11.56893    12.49071    13.52579    14.69334    16.01669    17.52445    19.25204
 21.24366    23.55496    26.25676    29.44015    33.22358    37.76308    43.26681    50.01630    58.39768    68.94782
 82.42249    99.89493   122.89038   153.54005   194.65437   249.35688   319.29334   399.67023   471.53748   503.04999
475.39562   405.24536   324.64535   253.71196   197.96996   156.01277   124.73586   101.28638    83.48632    69.77337
 59.04771    50.53515    43.68617    38.10590    33.50669    29.67609    26.45500    23.72271    21.38652    19.37437
 17.62970    16.10761    14.77215    13.59429    12.55035    11.62094    10.79001    10.04421     9.37236     8.76505
  8.21432     7.71337     7.25642     6.83848     6.45525     6.10299     5.77848     5.47888     5.20170     4.94479
  4.70620     4.48424     4.27740     4.08435     3.90388     3.73493     3.57654     3.42784     3.28806     3.15651
  3.03254     2.91559     2.80514     2.70071     2.60188     2.50824     2.41945     2.33517     2.25510     2.17896
  2.10651     2.03750     1.97172     1.90898     1.84908     1.79185     1.73715     1.68482     1.63472     1.58674
  1.54074
